10
81
123
29
37
4
6
70
60
56
19
10
6
6
33
29
23
5
9
8
17
32
111
9
38
66
50
13
18
41
28
9
17
16
19
16
18
13
12
37
1
13
8
173
146
141
123
105
4
4
8
46
73
68
17
17
16
91
57
2
19
31
83
87
104
91
38
35
19
40
18
21
5
5
20
37
30
14
33
31
13
20
8
7
57
9
101
11
36
14
26
31
29
31
29
68
54
46
27
14
15
105
44
43
3
12
32
32
35
60
70
17
18
18
15
1
87
97
36
5
28
38
84
82
19
53
49
49
42
41
37
34
34
34
26
42
148
9
13
61
5
10
32
17
66
4
10
17
64
31
13
27
45
35
10
22
70
95
16
36
35
10
33
37
35
36
36
154
151
41
22
13
15
12
12
130
128
112
87
4
16
23
8
8
22
4
26
58
5
25
14
5
80
7
59
30
27
18
15
9
24
3
89
39
28
6
8
16
19
28
86
6
6
6
9
11
24
5
7
8
33
9
26
22
26
10
27
32
21
24
5
10
26
25
7
15
273
223
30
18
17
23
13
104
90
31
34
15
15
16
87
54
54
51
52
24
27
33
34
99
53
50
62
22
22
5
12
15
2
34
3
3
51
50
44
43
26
83
50
7
20
11
11
11
11
11
12
12
10
10
24
29
33
8
32
74
35
37
35
37
16
9
47
6
15
7
10
10
10
10
10
5
72
29
5
43
12
35
15
24
24
24
30
42
35
12
22
12
12
40
74
12
25
6
20
14
14
14
14
13
13
13
16
17
36
63
94
66
76
9
48
55
11
16
4
113
17
37
52
38
10
13
11
5
6
7
4
19
8
9
49
16
57
29
93
48
42
55
27
48
18
18
63
32
42
10
30
19
10
27
25
23
2
1
15
16
27
9
6
18
18
30
27
19
10
10
4
11
1
13
14
3
11
11
44
8
10
31
52
57
21
19
11
6
6
10
10
10
18
17
18
14
13
11
10
13
18
97
79
9
22
8
19
12
25
57
17
8
12
1
6
16
22
23
4
52
13
99
33
88
16
13
5
27
73
79
72
22
21
19
26
35
10
48
23
23
23
1
45
2
12
16
90
70
18
10
2
31
4
23
78
77
71
78
66
63
59
74
16
16
18
27
19
31
27
31
81
70
67
58
57
47
6
6
54
12
4
18
18
17
31
8
36
2
18
15
19
9
6
6
6
5
11
11
27
63
55
50
47
28
33
33
15
9
11
16
6
14
6
23
44
77
5
46
6
18
44
15
38
15
17
53
34
19
40
33
25
33
5
9
8
31
31
30
26
13
92
24
62
27
40
41
5
5
3
14
14
15
1
16
16
16
43
20
15
15
15
15
15
15
15
17
11
3
6
43
16
8
12
12
2
11
23
22
20
10
32
16
4
3
50
14
26
25
13
18
14
7
26
12
25
18
18
18
18
46
16
2
9
3
1
39
7
35
3
1
4
16
106
40
70
21
2
26
22
27
5
16
24
25
19
15
8
29
29
14
37
35
25
2
2
10
11
7
10
10
22
8
2
4
67
21
17
17
8
13
31
17
14
31
36
35
34
34
31
31
12
36
46
39
43
12
8
8
8
8
9
5
8
9
62
15
3
3
34
34
38
31
32
31
29
28
28
17
56
77
80
20
15
36
25
3
22
7
9
11
17
23
24
47
36
17
11
4
6
6
7
11
32
19
30
12
15
13
14
11
13
8
8
13
48
17
20
12
13
12
7
9
8
7
2
6
54
13
12
19
13
5
17
7
4
44
17
3
3
5
14
38
35
35
20
16
18
16
16
30
21
22
7
15
18
14
17
12
17
17
17
19
19
19
19
19
19
19
19
10
9
5
16
22
15
22
9
19
23
3
8
39
4
2
28
18
23
5
20
10
10
10
10
9
31
6
7
21
15
9
14
14
14
18
14
13
12
12
3
8
3
2
2
10
2
2
7
8
6
13
3
5
5
7
9
7
8
1
8
10
3
3
14
17
25
10
15
8
8
3
2
62
25
23
13
13
3
2
29
12
14
5
5
8
1
7
15
15
6
4
10
10
31
16
34
34
15
15
15
15
15
15
8
18
8
8
4
2
15
7
19
16
15
27
24
27
3
14
5
8
5
10
6
20
24
29
2
4
8
2
1
3
6
12
3
8
25
5
10
8
16
2
1
3
4
4
16
17
21
9
3
3
2
4
6
3
29
8
12
4
17
4
6
6
8
27
15
2
2
5
9
56
14
24
21
2
11
9
1
4
14
15
6
6
10
12
15
8
1
3
7
4
5
7
6
5
14
22
43
19
18
8
12
23
13
12
16
8
19
8
5
1
7
5
9
9
9
9
8
24
15
3
28
17
12
12
12
13
13
9
10
3
3
12
13
3
17
1
1
9
6
6
6
3
6
8
1
6
10
6
8
8
13
8
10
5
20
25
17
6
20
6
7
8
10
9
24
13
10
19
9
5
5
5
34
22
3
14
9
10
9
6
2
13
7
16
11
4
3
18
16
16
16
17
1
7
7
1
16
20
18
4
1
9
3
9
5
1
2
8
23
23
23
23
3
24
20
15
17
18
6
13
17
4
17
13
11
7
2
12
7
8
3
3
6
5
3
3
3
9
4
7
5
5
4
4
3
7
4
5
8
11
12
5
13
5
19
3
4
4
39
3
3
3
5
6
9
10
6
12
16
12
12
8
9
5
7
2
9
9
7
8
5
10
10
6
10
8
8
5
4
7
6
14
4
26
23
4
12
13
2
4
4
4
5
7
7
9
4
5
3
7
8
3
4
3
6
10
12
21
5
21
4
1
3
2
9
1
5
5
13
8
8
22
16
5
25
20
14
8
8
5
6
14
6
5
4
4
3
26
12
12
3
4
5
6
16
16
16
16
16
21
5
6
8
7
1
7
1
20
3
6
4
2
11
9
6
2
5
5
6
6
7
5
3
5
4
6
13
10
1
8
5
6
6
47
18
18
10
23
2
8
5
19
21
3
13
20
20
13
15
10
13
9
3
3
3
13
3
7
4
4
7
5
26
3
1
3
9
7
1
12
15
17
17
15
15
15
5
1
17
2
19
2
8
2
6
1
15
19
2
1
1
14
7
5
6
8
5
12
10
3
7
4
8
5
12
8
2
9
1
9
8
2
19
18
9
9
5
6
4
5
18
17
6
6
6
8
3
20
3
4
5
17
3
8
7
1
6
3
8
15
9
4
8
7
8
11
3
3
3
3
23
6
12
9
6
4
8
6
6
4
4
9
13
15
11
6
5
9
7
8
6
7
8
13
13
2
11
4
4
1
2
3
10
1
1
10
14
2
8
9
16
9
8
8
5
4
20
6
4
3
13
5
5
4
1
1
4
8
7
8
10
12
3
7
7
7
3
3
3
4
4
4
5
7
2
7
6
6
4
6
4
4
1
2
1
4
4
10
8
3
6
5
2
2
1
1
2
5
1
5
1
8
16
2
7
1
3
2
5
4
9
8
3
4
2
6
1
4
18
9
12
8
5
12
12
12
2
2
20
2
3
9
8
2
8
8
16
8
6
5
8
1
16
17
17
15
15
9
8
4
3
1
14
9
1
7
4
6
2
2
2
14
15
3
2
2
4
9
13
3
4
4
2
2
2
4
14
15
7
16
9
4
8
4
17
1
4
21
5
2
1
2
5
5
1
1
1
6
1
3
4
4
4
6
9
2
2
4
3
3
3
2
3
1
3
3
3
4
8
4
7
2
10
1
3
3
5
5
2
4
2
1
8
8
4
2
2
4
8
7
3
3
3
3
8
8
1
1
3
2
2
2
4
5
2
13
2
7
3
8
7
2
7
7
4
6
3
4
4
6
1
5
6
4
2
13
13
13
5
3
3
5
15
7
7
6
6
1
5
4
6
4
4
2
1
5
5
3
6
2
5
9
1
2
2
7
2
4
3
7
2
3
2
1
9
5
2
1
5
4
6
6
4
1
1
1
4
2
7
2
2
5
5
11
3
3
1
5
3
2
3
1
2
3
2
8
2
6
2
2
5
3
6
1
1
4
4
4
5
5
17
2
4
2
7
7
4
6
7
4
2
2
1
1
7
1
2
4
4
1
3
1
3
8
1
17
2
1
5
5
5
17
17
17
17
3
3
3
4
6
8
4
3
2
5
7
3
4
2
1
2
2
3
4
4
3
2
1
1
1
4
4
2
1
2
3
1
1
4
1
12
12
12
12
12
12
12
12
12
12
12
12
12
1
24
24
24
1
4
4
4
4
4
2
2
2
6
6
2
2
5
5
5
5
5
1
1
1
1
6
6
1
1
2
2
2
3
7
7
1
1
2
2
4
5
5
5
5
5
1
6
6
6
1
1
2
4
4
4
4
2
17
17
3
4
4
4
2
2
2
10
10
10
3
3
1
6
1
4
4
1
7
7
7
7
7
7
7
7
4
4
4
1
1
2
1
2
2
2
1
1
1
1
4
13
13
15
15
15
15
2
2
2
4
4
4
4
4
3
5
3
3
3
1
16
16
16
16
16
16
16
16
2
2
5
3
3
3
3
2
2
2
3
3
3
3
1
1
1
1
1
1
1
1
4
4
4
4
4
2
2
1
1
4
4
4
4
4
2
5
5
5
5
5
1
1
2
1
1
1
1
1
1
1
2
4
1
1
1
1
12
1
5
5
5
5
5
5
5
5
1
1
4
4
4
4
4
3
3
3
3
1
2
2
2
2
2
2
3
2
2
1
1
1
4
4
4
4
1
2
2
2
1
13
13
13
13
13
13
1
1
6
6
6
6
6
2
2
2
2
2
12
12
12
12
1
1
6
6
6
1
1
2
2
2
2
2
2
1
1
4
4
4
1
1
1
1
1
1
1
1
1
1
1
1
1
1
1
5
5
5
1
1
3
1
1
3
3
3
3
1
1
2
2
2
1
1
1
1
1
1
1
1
1
2
4
2
2
1
3
4
4
4
4
4
2
2
2
1
2
2
2
1
1
1
4
4
4
4
4
4
4
1
1
1
1
4
4
4
4
4
4
4
1
3
3
3
3
4
4
2
2
2
1
2
2
4
1
6
6
6
6
1
1
1
1
1
1
1
1
1
1
2
2
2
1
1
1
2
1
1
1
3
7
7
7
7
7
2
2
2
2
1
1
3
3
3
3
2
1
1
1
2
2
2
3
3
3
3
2
2
2
2
1
1
1
4
1
1
2
2
2
1
1
3
3
3
1
1
1
1
1
1
1
2
1
1
3
1
1
1
3
3
1
1
1
1
3
2
2
2
1
1
2
2
2
1
1
1
3
1
1
2
1
1
1
1
1
1
3
3
3
3
1
1
3
3
3
3
1
1
2
2
1
1
2
2
2
4
4
1
1
2
2
1
1
1
1
1
1
1
1
1
1
1
1
1
1
2
2
2
1
1
1
1
1
1
1
2
2
2
1
1
1
1
1
1
1
1
2
2
2
2
2
2
1
1
1
1
1
1
1
1
1
1
1
1
1
